-1,18,63,48,23,14,7,46,7,85,33,40,89,74,22,46,26,57,30,93
18,-1,32,57,25,76,75,12,57,16,4,59,46,91,7,7,31,99,87,24
63,32,-1,91,99,40,69,23,82,84,31,34,38,60,6,82,96,46,92,61
48,57,91,-1,71,82,71,80,2,36,22,6,18,10,14,86,94,39,18,34
23,25,99,71,-1,68,45,78,95,28,73,85,67,1,18,42,59,59,42,21
14,76,40,82,68,-1,8,30,2,55,4,32,66,23,34,3,55,99,15,68
7,75,69,71,45,8,-1,94,56,98,51,81,81,38,65,14,97,95,62,80
46,12,23,80,78,30,94,-1,50,70,65,32,74,53,67,62,22,25,2,29
7,57,82,2,95,2,56,50,-1,65,90,68,25,32,73,27,30,6,85,60
85,16,84,36,28,55,98,70,65,-1,12,2,58,4,75,2,29,75,16,16
33,4,31,22,73,4,51,65,90,12,-1,60,65,52,20,33,86,98,18,97
40,59,34,6,85,32,81,32,68,2,60,-1,65,25,9,28,76,36,92,29
89,46,38,18,67,66,81,74,25,58,65,65,-1,30,30,67,18,59,52,66
74,91,60,10,1,23,38,53,32,4,52,25,30,-1,56,20,59,27,84,35
22,7,6,14,18,34,65,67,73,75,20,9,30,56,-1,22,15,64,45,83
46,7,82,86,42,3,14,62,27,2,33,28,67,20,22,-1,24,57,48,80
26,31,96,94,59,55,97,22,30,29,86,76,18,59,15,24,-1,38,30,91
57,99,46,39,59,99,95,25,6,75,98,36,59,27,64,57,38,-1,66,77
30,87,92,18,42,15,62,2,85,16,18,92,52,84,45,48,30,66,-1,68
93,24,61,34,21,68,80,29,60,16,97,29,66,35,83,80,91,77,68,-1

nodes: 0, 1, 2, 3, 4, 5, 6, 7, 8, 9, 10, 11, 12, 13, 14, 15, 16, 17, 18, 19
type: benefit
name: random
weight: 0.8