-1,24,88,91,21,10,94,97,12,67
24,-1,1,63,43,20,58,40,62,72
88,1,-1,49,34,84,65,23,10,44
91,63,49,-1,93,95,37,44,68,96
21,43,34,93,-1,12,6,17,41,3
10,20,84,95,12,-1,4,60,36,36
94,58,65,37,6,4,-1,44,45,66
97,40,23,44,17,60,44,-1,61,89
12,62,10,68,41,36,45,61,-1,68
67,72,44,96,3,36,66,89,68,-1

nodes: 0, 1, 2, 3, 4, 5, 6, 7, 8, 9
type: benefit
name: random
weight: 0.8